Eigvals	5
49.40059585438361	29.625729400289366	21.2901780275674	18.116147133395078	12.599034610337792

Proportion explained	5
0.5730963269573031	0.2061110870724104	0.10644415935667796	0.07707169829965767	0.03727672831395089

Species	531	5
4b5eeb300368260019c1fbc7a3c718fc	-0.07656628126254827	0.02145493153385528	0.27293792335242373	0.3570557415869968	-0.25633122007079395
fe30ff0f71a38a39cf1717ec2be3a2fc	0.10805989085104194	-0.24054220734113452	-0.17089792673242452	-0.053301272709829546	-0.22176895698278007
d29fe3c70564fc0f69f2c03e0d1e5561	0.16939767335165185	-0.07053640212750499	-0.2644590415408395	0.0765007363526055	-0.2631901755626471
868528ca947bc57b69ffdf83e6b73bae	-0.11291565220526756	0.20313055813596245	-0.10604121194110579	-0.3599545026546556	-0.1335859529672183
154709e160e8cada6bfb21115acc80f5	-0.1296859464495002	0.17420349991808845	0.1554462854880213	0.0322777916123119	-0.28015703056408725
1d2e5f3444ca750c85302ceee2473331	0.07435316464216293	-0.29873477983376695	-0.11267376231336644	-0.042195065820131876	-0.18640465771725653
0305a4993ecf2d8ef4149fdfc7592603	-0.08330675594931646	0.12361036103529176	0.15882592068743276	-0.14124028464297875	-0.26723594844008736
cb2fe0146e2fbcb101050edb996a0ee2	0.1791786996495868	0.1465516067454797	-0.18391504429737252	0.12540798059223682	-0.11819322504685627
997056ba80681bbbdd5d09aa591eadc0	0.02337464159902696	-0.2787566127921075	0.03414079191125395	-0.15757360531759362	-0.10024335335758977
9079bfebcce01d4b5c758067b1208c31	0.21292386047833128	0.10560316633407502	0.012959548856115981	0.03164487933271743	-0.06823347778693074
3c9c437f27aca05f8db167cd080ff1ec	-0.010022091835007527	-0.2351151889299308	0.03205748640378509	-0.0711454258915493	-0.10730997745155596
bfbed36e63b69fec4627424163d20118	-0.10596039317924212	0.07043004022262107	0.06615182370057422	-0.06623550501122125	-0.17622951528467662
90d32ffe026535b392c0bad850f213c4	-0.055642702061947	0.02073876462233303	0.1390445231864196	0.13844147586220668	-0.17178493378125878
ab4ef4399912b0507d8d1187e874684d	0.04941147666515672	-0.18926327405084556	0.034438194646651994	-0.06145753560545211	-0.09236200534595715
d86ef5d6394f5dbeb945f39aa25e7426	-0.09264862990196236	0.03690505599860357	0.1188348838678811	0.0463166713674957	-0.14278851387750385
a049763053c277b16c2a318f41eb23b4	0.15453750228233337	0.09347918624033709	-0.06066829696350772	0.008337542535450057	-0.04578946434396073
699071a4a7ce68918e4cd93a61275ecd	0.03680661662021096	-0.13470099238957914	-0.0430614934267365	-0.025217932151150823	-0.11393292810272694
cdd14cce4ec44b3235923652b71e947e	-0.06959583868762878	0.14992763840949605	-0.05960614302316124	-0.20465315048355384	-0.05841030421147505
7e598ad34909a3fb8ff1623f1ede11a6	0.16056221295096632	0.1085114596511367	-0.09336208781544335	0.034453492528846025	-0.07385049744817838
b44621e5c80607cdfacbf7a81e1cbe41	0.11094199301130414	-0.057274452471449744	-0.09294948904039052	0.07140735981871545	0.023695119526229075
e8e6b7fc969005938de8ac7ffb94f17c	0.03981867247433141	-0.08692542348624735	-0.017219588057577985	-0.030924437686388067	-0.07617501319927392
535696cecf56f03d3401d7d6dbe66d7b	-0.04980763212613247	0.05038972580933615	0.045051338371316696	-0.03297418440028254	-0.12796589136727055
9f718b8f66b79c3de80546ca9a54539c	-0.051826926908586396	-0.10373162757046184	-0.06719095849730157	0.009287422829843486	-0.07981056329403055
f352c1f1efecf483511c2270aabd0ae6	-0.11223509406531866	0.00263582823846765	-0.16043417743967386	0.08337103781459701	-0.029961014065315667
909755d7142ea53c7f61c97c3586f26c	0.12645495220255615	0.06447669812287186	0.01358229537895938	-0.03767996980520376	-0.0246818607310482
fd86856409fe6433d719558a30910515	-0.008711308617569474	0.008184077999772527	-0.13662274177377173	0.07596390287064836	-0.0760129134944552
44ff26d8105cf822417b4b0c4eb27c02	-0.045114174186326045	0.057208044614420084	0.011594751233912431	-0.07675133561725112	-0.09952921665756709
ad41fe8f8be5b01c96549309937e3b14	0.09156358371906285	0.06308678331017338	-0.050962994879688736	0.014322353362412533	-0.04921069398896229
ab6b063ed43d8cb3008e157a0a305c47	-0.0268650550502948	0.05702290763270266	-0.09282320087895503	-0.2312581628830602	-0.028489193149860835
fcd4f95c05b868060121ff709085bf21	0.06774648641789777	0.07220707071704986	-0.07051035339990748	0.058436688629466466	-0.030313586006015792
57b34afdff2e84fb9b0befd219edcb38	-0.028171405880831585	0.00464389182148091	0.10520419102145624	0.1239649573407385	-0.10105479950673799
047b7fb62a5e9d2711e639ae1cb1519a	0.043693211533702016	-0.09847161110405907	0.04546584426441742	0.014014304635682089	-0.020190999819795993
0160e14a78b18b903618f11bc732746e	0.04343889250929208	-0.028137155653929012	0.06584096279170153	0.18695606849012564	0.02239089438517187
d2613a43f4ed1dda8a673e7fb251ebef	-0.051507176784311264	0.0321663880182766	0.023681104731748653	-0.05388277825095345	-0.10119170503981699
e7c8b8c8fced8eead4b767bffe6dd544	-0.09029040959559181	-0.012555229896754299	-0.16793038171791594	0.07290816193601979	-0.05142036521972962
e31b5affbe5e23b79a8619589f3b6620	0.12507234711267398	0.09426292133377528	-0.0077466767500581814	0.016974586595395674	-0.03112262453116159
67e23140639733766b7e127f50221289	0.10183733779832103	0.06003676775824078	-0.027671370754573023	0.007063100804968413	-0.038030025394080895
db793caa585e078770021a7979ae8ea2	0.10224270055949586	0.07431802453649923	-0.07364717971875574	0.01225330466639136	-0.04847463520427024
7dd9c9124ec3f118a6cef1f0d422c011	-0.04722821389089415	0.05599612561433981	-0.04101239538781148	-0.15443767627998967	-0.05970970250134346
01e0b7ac306895be84179f2715af269b	-0.04858924016858965	0.04449067382800261	0.02347857663535464	-0.041851750244985345	-0.09188284024764454
1685b25b43eb070cd7655de8c2d8c0a4	0.1370824946317048	0.0341573887923724	0.12000477165804872	-0.06540291267525597	-0.0004774664510214901
500d6b485cef4c52aad211d6d6e6dbc7	0.01845041998563789	0.05172787226301748	-0.12899173965231064	0.06297616407970587	-0.06818330617511144
ee0fb26fca3afb05e0b288d6fcab899e	0.008552178827664953	-0.03370053996816578	0.08816456000928623	0.13133887561881552	-0.060355106481561574
d1d750ce3b00503c204516d27ca0d3b0	-0.011780780127548343	0.05611063581069561	-0.09159944714635053	0.04789123848987835	-0.015044761735643944
ebe0e9790089ad4f40151cb4a3231a8f	0.00857480930730193	-0.025694697778925805	-0.0009550632406399963	-0.0038902907145657306	-0.028525626690149904
54d098d009b89779530eaf43a1bb136a	0.0796236071822167	0.02947467879226077	0.03564187475559305	-0.008708618484879003	-0.017857756751994667
0a69950e803a5d9e7166c450e44f43cf	-0.029485857958187336	0.03592057949717996	-0.01047275537128208	-0.08274564441919771	-0.06359562869241601
b685f8246fb6fad0fd91574c444b8f51	0.05835970919789772	0.04377336775998317	-0.020120204545108107	-0.009187987339044027	-0.02153748511970782
636c27859c1ac0a7994ca8ed145d03fe	0.17056463578221495	0.05194944160133807	0.08027643071495263	-0.041976712298805126	-0.022049905655892633
79e9e337b10e2d298bb1b3bde946782d	0.019760420408029857	-0.02753815806147009	0.08164830474394033	0.17282604125004708	-0.018843842546354718
f35ce9c514e1398308f5f84ed50b260f	-0.015234277341453257	-0.056750572766005265	0.04178058094333423	-0.017216386409714974	0.0072896330265445
e5c80b4a23b96b2fa35b6da6cac2bf73	-0.08499191581670741	-0.0014437411634032847	-0.11033713856035135	0.05719055387258228	-0.015962405718138718
9118606a87ac19f8d041da20f16f3236	-0.025783448551570425	0.042964251521733485	-0.03259321624941193	-0.11887854954761062	-0.04552024024377726
d8e8459398f3f096775f4298666880a7	-0.03628606461384824	0.1260858621150328	-0.08309781199147155	0.08060843915871568	0.03912721305328584
fba3d9b3872ff9021d66434323fb9565	0.02057071133991079	-0.09548696210727158	0.011677537939962563	-0.029078973298781716	-0.05302472311395226
4fdf8dcd9451f5742982d716fa9f0536	-0.12349587687362196	0.11100868116463097	-0.15644915818306226	0.09230912158328772	0.02433737423657386
ae27459b7f5465815b1f565d792083ce	-0.020661544659595906	-0.02412101306253306	0.025446647974019534	-0.011642253430109271	-0.005933278344494978
4ea5683e2c2a183c11c45dc8fbd0c67c	-0.020087995755462492	0.03224966437203005	-0.12501338311866605	0.06488488145430155	-0.054155349355761995
6edca9464612efff71d8f97299f01663	0.023009184764360015	-0.0689527995285953	0.017764095473713236	-0.015939423029570545	-0.04003148562254762
41fedaa9200e2933821f84ecdc0b0772	-0.0110026592541244	-0.031500344082324085	0.06502252258693274	0.10224718882931547	-0.02676775862862583
469e4ff2129066178b74b112829fc03c	0.11311520883358232	0.05468159439420576	-0.020942102828649056	0.007315962753450681	-0.05014696207907023
41735c13fb7f63db49b10fba5d959ce3	-0.04235781798203599	0.026320159488509423	-0.13274973798124598	0.062228401022570594	-0.04133841186942726
76174505aef45f134d8068d5ad2c42aa	0.07459480658332736	0.02731972282188115	0.03458640698946602	-0.020765793501389268	-0.012668294627087575
b8afb7bb30b7a9170b7c6dcd40251d54	-0.032626877192187265	0.037948347196154454	-0.02890519643698443	-0.10872134574282499	-0.04318891720950489
4c4606a3dbb4f5b8bb1ad1db6dfc5617	-0.01157276176715033	-0.007525784457744397	-0.013918817167568433	0.005855967384851681	-0.01566303671308325
3ef461f213bfc675ddf0b1bfeef2dc52	-0.026088580612861317	0.010101581725731053	0.024247462068534367	-0.0014998008533121797	-0.05198827604546714
1f50ac250618ced095a2a5c34bae7651	0.014425496644834309	0.011217163123347782	0.043059554226223304	-0.004991815721243002	0.005729582658679934
b3d4d129c955517b446df657236ba5a2	-0.011049402376433513	-0.004815887808098888	0.038884493164287125	0.04387124626323241	-0.04329564103125453
fc15824cd9e9c29e1319d32843452b54	0.008029755333886675	-0.00962349397911161	0.019241203295538984	0.05339308986519182	-0.0016881242117526682
b2866fdca13681232057e3e85a1978cf	0.02225119410087317	0.027176113482657947	-0.027555920093576974	0.014849697061781537	-0.02506355225940566
f8f937eeee7762f446a0e87292f98eb6	-0.03645237514953812	0.029710729529407523	-0.02319984256998489	-0.09229178311303568	-0.041964124343157154
052128d7d424728578efe7852b0afd0d	0.004555070657350318	-0.01834105028908857	0.03566181185929975	0.049663622455013066	-0.02969277752130176
2514cdaab96a1a42cf15506f2ecf6439	0.01742406034305434	0.013336299644743319	0.0384343417709493	-0.017386003914511512	0.01070603455244822
fc5b641a0b0408d99ddfb2a5ba64da59	0.06359821925190214	0.02330820855437729	0.025205727844941236	-0.013985253578312552	-0.021772948514234496
958bc15b660bce0b894665d13f910f5b	0.05343749278299056	0.016464097854901997	0.018730077107976167	-0.013794419455078573	-0.006462835849441905
e063d1c3c9daf7390e5475e48d9b01c5	-0.0207450994306326	0.002205226264686534	0.04941394385321125	0.05168298859388913	-0.05509347698279039
e0472171de6fa02a1f58e392ad3d000e	0.06792882221248808	0.03985110188419999	-0.0166077873730607	0.0020013443585266376	-0.03039582976900676
2e55763e77234a7bfc3a311067a0c7e1	-0.03170227373422363	0.017312985749237893	0.0012952422284318247	-0.03331225142743986	-0.04401811213231662
5ada68b9a081358e1a7d5f1d351e656a	-0.025151797578706555	0.012787468258567865	0.005092611614382151	0.014407522670519432	0.0159862641071176
162ed46308ef9dd1600fb0fe7c90b186	0.031081001620564007	0.025355991826937898	-0.0244632187508842	0.021004787944532474	-0.03212563651324127
1b448e00c078f81e49a61933072345d2	0.06867128597684959	0.027769943431803747	0.012178859001499264	-0.005384979500652037	-0.0215305603234274
9af77e369d2ba4b3bb6e0e808ed84d91	-0.07723661771862533	0.0008399947778699012	-0.10693891129909579	0.054967004574602865	-0.02363886339325629
e77bac543df42865af751a32a2942fdb	0.04480039747762263	-0.019615904192142836	0.05276512340908682	-0.03147668671723457	-0.004066394518756175
3ae3e825c5e3862af6c17798e2b40a37	-0.03013886012539578	0.024574938736901978	-0.018997470595166217	-0.07514002642434309	-0.03616309195197903
f8a71161ac98c5ceafcc75e57ace7230	0.049199114852282406	0.027956606539153835	-0.021510658389957003	0.0003679147633396846	-0.026507545682566285
880968796af86b3d6270c228fe8e7026	-0.010735994110401421	0.012252702696702191	-0.0068015610192066365	-0.03321930050297962	-0.020792992920435144
81351ef6b4d49a3a6b2fc24745d70305	0.0314989410088278	0.005233630856057223	0.015206295078149926	-0.0015094826318831373	-0.0070530882807212794
26b8b1509edf09c438db1634308c3c90	-0.06360454404291749	-0.09200695916608244	0.032688794310932176	-0.02578049553473411	0.016559614733103155
26133b4163fdcd22d86f4e04e74154f1	-0.01728029474341949	0.01711341454168076	-0.014625448494376542	-0.056318116569924054	-0.02915653692861952
c4aad64f84f51ff331b986a67af4ed3d	0.06475258553456881	0.015303960094041726	0.036971542199873184	-0.02237345414232609	-0.0033525687075112325
29a92aecac56c855cbfc0debf9bda0c8	0.009157376142483652	-0.01686894539596324	0.01094973989949866	0.04121637264181705	0.010006585613179209
e737a3a864791ec52f1398d83786f4f2	0.045381658594542504	0.014166751824925756	0.02071215183554752	-0.015551769000177795	-0.005225148621895111
7a5d5e6f85da7ca91daa2d803e8f9279	-0.012049570541521875	0.018242825227536563	-0.011180353593417614	-0.041956171194917194	-0.01889015042494955
acfe4c003905a7074aeaf385b78ad9e0	-0.018417769822115227	0.024844253539481914	-0.01692522841134638	-0.05957698866954282	-0.024102146759279637
75258a676bcd7e73c2437d6a2012d490	-0.07694948597991759	0.028747154155837035	-0.07992290344422576	0.054762218941958235	-0.0021481511108628237
5c82bad13c4ebd2ed1bd23a8c2e37fc5	-0.022103939778491476	0.08619705256748157	-0.019076747534223115	0.027429706315868198	0.03856981503648959
401d7866836c54f3cd18bd0fc814885e	-0.007361258527053408	0.02874900565725529	0.02278775624396573	0.0020151671989160156	0.017442828269314908
684721318896ed01048f3502333c214d	0.06064909419883865	0.022842072671194848	0.010913905598670339	-0.008301660510382261	-0.019789004571898066
839fafb762395fab1ba257442ec29e7f	-0.06176530570388211	-3.1468156772844685e-06	-0.08314138192204745	0.04219514398927671	-0.020443798673262955
6b82e6cb771d45d6c925405b66299d7f	0.051974258869137833	0.0321995444850183	-0.021754723504363815	-0.005748717152777961	-0.017373266677342628
eecc4a4317225eb579540e82ab785716	-0.021881923828308267	0.017892361125266213	-0.007154218199483567	-0.035793070249656486	-0.015404610359947796
a895b66cac813ac67ce1c908259b646f	-0.02419499235027285	0.015419584706777085	-0.03801288608972924	0.020968201315951104	-0.007632131986478309
f59a4d48a03cc224462bf83e4d4ab126	0.015499356734955338	-0.017649452220712097	0.02475732610623216	0.07213086208355014	0.013098320147246446
79dcabe7f92f8cf2723b796dcd2f239f	-0.07892852326423125	0.034963677264221074	-0.09484575227398417	0.04502132366442033	-0.0029190370694015017
d781fa7e866ac295ce9a56bd97912983	-0.0025182801136313217	0.011160058490462824	-0.0123856459789781	-0.03394392788038716	-0.005086508880165139
0b925631436d3775231b60f9d0011cae	0.008501550623501412	0.002423374277196642	0.02209637643726898	-0.011886013781191985	-0.0023022286274853934
4075a90811bf9c19f02f5aa2ece6da37	0.0517063016177404	0.015957635626028224	0.015092587094392458	-0.013176594093299228	-0.011779858946006187
2ff525a1e58c54525e7f2d68a6c0b23e	0.00562994495862528	0.07150855534690576	0.006126064851695307	0.021885485033485322	0.03528289959600905
f91c81859bf6eede55eef9c915dd8bab	-0.004453073686437359	-0.0015944669982048915	0.009033605869196671	0.008845018789607554	-0.01598000992412633
a5551fc60aa8bbaab737487552ea2a75	-0.012701655676405407	0.0032501064532848636	0.0302264902847874	0.03529950536209364	-0.03252304771854263
a4c08e2c3a34038ea877b16d01736837	0.00878649950821604	-0.017166122814748445	-0.00904161585874044	-0.017855499047576502	0.004341055660090819
4980b85712efeef1fc4563a9a949fe2e	0.05100781983790943	0.015477302641384125	0.009387751373710071	-0.0037500352184226837	-0.016238474324674842
5601f094afc823d75ccb34440645a99e	-0.004149524487853064	-0.000215348139264057	-0.004642437398393772	0.006360744157849022	-0.005355594276175827
21a0198d0a83a8f3ec0e401067138940	0.018100440548893384	-0.007314612684566916	-0.04460791142364867	-0.03862228538138613	0.04394813711698585
56c98126dde3abb2d263088db55e12c8	0.020217944037302503	0.007621920821328492	0.02631491755827181	-0.005615683074951497	-0.002241700623564471
393e6e2cbe258ed27a4ca0a2ee0d2cdc	0.026350541773895154	-0.027315706492553445	0.0059107648749790855	0.03719181916158405	0.02253542961919365
a659784c026bd9c8cde94da36aa656d7	0.005204737577541761	0.0278572455009396	0.0009722887006082334	0.01282078001724604	0.012153794610423463
f16a387e898dbae6432b2ed0241120bd	0.019774105016934582	0.0023963338864151544	-0.010279672084946281	0.014463229227499897	0.02601617230936111
3125abe90c7ae91aec06eb104d71845f	0.03446775789224896	0.005174681820346582	0.02886246507819215	-0.013300038891186725	-0.004999263126220302
b383ade799e9c83c649cec37705a251d	0.0018434412857782415	-0.0014435296154008575	-0.0014905246819889298	0.0008159320545840337	-0.004916668221491793
1d17561d16d803f652b0d6bdd671c1cc	0.012558936904330534	-0.01013997214254088	-0.0078660815502258	0.005624983489504748	0.013281052350956172
b0f7e29de400c6b517b39230dc1b4365	-0.07268137197077638	0.09143639733779335	-0.020955824067156126	0.052401276691678565	0.06362097071657773
3bf2fc236887eda11c969b84d30f9fbf	0.03322123161773581	-0.057177336264042665	-0.003830905193839196	0.019595032610085144	0.005903892111484133
3cdd97ba69a504117de24626ba790e96	0.03741237830159154	0.06534501021386042	0.04904867176512796	-0.014051613450064617	0.025145734203452945
4132561a08d25757e4bee9f73ec4a70a	-0.030889621251090904	0.004158951877823439	-0.05772042572039134	0.027408339030790575	-0.01430652549877076
3a1c2d5547ddb7f76306a042f8bef6a4	0.010353577149550087	-0.002199736080905753	0.011136883050723356	0.0014314220080010405	-0.0062911554096735465
30faafef155964edd9db9374f36c45bf	0.010866668864727187	-0.008547063284311165	-0.023787841879535365	-0.026600452126541607	0.019594440695174867
b1e22f094d8c64fb56dbacf680dab8c9	-0.06339280466322532	0.03409706588406928	-0.017022825871147576	0.02857795485803705	0.038824372960063955
b92e89d105e0a6e09e5984879c4c7809	-0.024737279322327062	0.0017808906888138905	-0.021045909959490704	0.02204672805845389	-0.01002569603516518
ff3df50eea7490dd794148649c480fd3	0.004997095432832918	-0.004177412793958157	0.0008117302892843921	0.0069752630148877115	0.002868871573473581
3982159c2603cacc4bc4893003bda323	0.005348583905417046	-0.002713724749559837	-0.00828815758686157	-0.009182265055480525	-0.0043494177070259685
846cbaf603b77be035fe0cb61d14a23c	0.004203587654917318	-0.014596464818034923	0.043905269177390974	-0.02014201483720851	0.013369930949815062
a5df9a825c3d8eeb228a6781c3db134c	0.0344531231633521	-0.029649340853944876	0.0052891410027998235	0.05791069631326545	0.04778243724310916
8da02c7114ba0d9ee40312926e037a8f	0.009528067916826569	0.0033981358989532695	-0.0005231217460484075	0.0007726346660248824	-0.003931294515726148
7eedfc5c8d0d6b8852fabb20d52a8c5d	0.018373531477289318	0.005135231184952949	0.02029492315927516	-0.007433093622115982	0.0005808862118743959
145f11599b92ad3a4c93896b0edf8c0c	0.017853195724276835	-0.026362042094479687	0.008964078630156408	0.04200803432053626	0.012191128494815849
87899779aec8d38dfaf48d895cfe8021	-0.00526125758806181	0.008875074157924868	-0.006804580508077571	-0.021163487352809575	-0.008004262224433487
9d3ec96491b522546acbdfa3b21b6071	0.0402582202080955	0.012359208616180742	0.007008701482640995	-0.0027483892331993534	-0.013343509057832336
1d284bea12006c939c03d622ce2abd5e	0.018071429520438616	0.0029787625702932473	0.00744717656105477	-0.0029528291838080614	-0.0033717095845179693
d46bfd723f625e317606ae28580eba3e	-0.03272738659722314	-0.01906736845927856	0.023836500907835585	-0.008607041357418467	0.01444946553713111
d3e265209c342d15d93a910e38ad9be2	0.006068250912129364	-0.007602303184543431	0.006003715073856222	0.028485995082470253	0.004284751058165208
e8fb2b3d01d369dbb5d3764548193ae9	-0.09428697985323559	0.06317164117465306	-0.0535267072961163	0.05716705761750342	0.030034402654894037
1b963d0d7457ac133aed9497f03b5a64	0.050318644241263616	0.019113309974936783	0.006371657793603631	-0.00563198711847696	-0.01837385790541732
fb4f7d9d3f91ac2f22a542fbd13019c1	-0.0016682497552694235	0.0021605008011124608	0.0004262498874400287	-1.4067361416203258e-06	-0.003880302206287029
c4f955168102011d272b685aa772c10a	-0.011136907633069657	-0.0035292007730316297	-0.013391957197001533	0.0096654855973626	-0.0014477078534356987
185df2b73b4805164470dfaea2d05223	0.02410533463033495	0.009102240883500897	-0.0032680816642404655	0.00020231598612870604	-0.009139409278270741
513de43781dc4c2831eb83b23940d66b	-0.01800059649700042	0.00439884317473534	-0.04005592595477415	0.017863017735327957	-0.011775969741667565
24443b70088636edf08f0c9572d7faf4	-0.0462399377860625	-0.0003619213727270032	-0.06932860646225668	0.03673355349573958	-0.016202264155269343
475741f076c42d2c75d2d63c14fe4d3f	-0.04006216246762478	0.0106821127653526	-0.04670176547525708	0.026638434382953654	-0.008557387972003174
848587c4a03949500c5815bd6edb7b6e	0.02173160857569423	0.009074512588388787	-0.01609043694435083	0.003726019580076836	-0.011470572657057896
2f4c5e75c0e4cdfcbddbe93ef1f410a3	-0.015611878495110433	-0.03199128660993139	0.05711127124407922	-0.034280099844994534	0.029214426033702803
ed950935b660fb10449d5f229dc13fb9	-0.010323528848496483	0.0013801491306648936	0.023291021012830298	0.02488714812732102	-0.026475237412666712
626b8ee112be0ec208bb16445611d001	0.03449572974622572	0.02005362431159184	0.005282833613627211	0.003928359391883648	-0.01583317471245781
bb370945a6777f712cfd963c55f2ff54	0.034336484096917454	-0.02514334882968309	-0.025591202792448198	0.020323707288369793	0.06206530931675045
59fefb91cc66ef6930b0201e4bf24cbb	-0.0031415261805519384	-0.0029058229035711044	0.002116066796370866	-0.00015515515803083118	-0.007401858936170467
1f0a072da4906270a684a389c1586582	0.01372342023868768	-0.024941514069882792	0.015612920277798486	0.05979217701083918	0.01458342269784587
aa668eb01ca9dcc59aeb1454b600c8c8	0.014424346519591064	-0.002818848529594377	0.009129221496996616	0.04605051491196539	0.014479616716636686
8cd2a871fab61bdea4ef23a295c371cf	-0.03639960764127104	-0.005048228362998272	-0.015679898157386876	0.01686278477667894	-0.002371816753265209
3a69cb2f27ac76a05405efbb5088d249	-0.10520781789293815	0.06898424114890116	-0.03985402532134643	0.018716777580404634	0.06264739586750508
44543d9c6bb193c64d38c9bdb6790eec	-0.02258915229113682	0.015223933977877973	-0.003915050334452903	0.000894096970814183	0.01939092824635475
5437cb1c86c72638cbbc12896f88d1b1	0.029318696255007947	-0.02147153095285175	-0.05481516060870167	-0.061218224501203976	0.05802576618241457
724c43ad3632cb8c5c6230c874551bd2	0.04091179673182241	0.020844310581526575	0.004428336060497605	0.002234535616558794	-0.0161969135642129
9590aed21545774c71a124f2b5200691	0.07277914752414705	-0.0057263622875009445	0.09961088700752457	-0.05523989570331379	0.020494081019432595
cba5f5b1153235425628bd77a28257c7	0.04206115660144555	-0.02617967866955249	-0.019999498826724058	0.043644547797949226	0.07057286886849122
2fa276cce32e900f0f68d30e460b8f61	0.03237789254100176	-0.022841656832494648	-0.027888645256097286	0.014154250915482901	0.05814904187813221
24523c45ca39b6c81a01ce286c0c092b	-0.02493292623953287	-0.006918406010373898	-0.013234794608235371	0.008623880087123965	0.0010031465990815774
91d0b3b7c0329b9a164b6e04a181f1d6	-0.007090009906565385	0.004293059661080954	-0.0005555101866311572	-0.008428535270032022	-0.012817946303004299
c99439f78b73ffcf55858ae828aac608	0.024792935553088917	0.007776219673795408	0.0036889722306847664	-0.0015749332381463775	-0.009088492373266352
84755bc954af6d3b39bb4c369e5992e7	0.004264328181574042	-0.0004922459251995633	0.0016965816315360096	0.013082199896975264	0.0037706136118950194
063fa4f5a6fa894f7f8243468324ac5e	0.003701182447831314	0.0028210113476202247	-0.0013965157410967405	0.002852029031212267	-0.00644874010109409
49232f27012731b0a65805c0919e2bbc	0.004289040009790168	0.031826348587159665	0.013810321673830105	0.013764451421049553	0.005039069372450988
4b8228f4d7d3809aa6827e8d9e11a9ae	0.039933074591379354	-0.03156035483922391	-0.047035630709359975	-0.00013136504832700325	0.0876879022771311
f023384b8f989d014dd2ead7f10db307	-0.008484519589210497	-0.012408643031674762	0.009680087120990692	0.01614757654818753	0.01165365267413053
4ce1be9cea00a1eb7f960600e1ff3cfa	0.001632201347805071	0.0068403874749906534	-0.012081063479554573	-0.0010790722258897604	-0.0026824566443013594
1b75626f6834620dc2c729a1a81f497a	0.028647179995019367	0.01801870935993666	-0.010385309582304911	-0.004246428637323611	-0.013283729930968942
b5bf6383b53e0add0d6589b73949462a	-0.0029532299548256304	-0.019513700235398942	0.0038084643734313307	0.03188343338500795	0.009900231416597223
344b020d867e3210563eaf40b0c557ef	0.02795261534305813	0.008721199004094207	0.004338187653930881	-0.0016539040000985395	-0.010022772541363177
136e9f5aa470119165e59d202fdb318c	0.015288179655811184	-0.005770022420377633	-0.028536235126873852	-0.025184857262266647	0.029929658456475203
ca96b8fd01aa6c508305bacac37da6c2	-0.0786375691122917	0.0158772790330417	-0.00021151587376020946	0.006677610008311802	0.04637170559984176
07b2b1c3771f46d82c90b20a79fb3d04	-0.003235725771762218	-0.004614211544468127	-0.0026455123105379435	-0.0019578385145358605	-0.0015778739342927912
dd7e1e45831871f719cc3cd68f568e7c	0.04346098708833169	0.016821121174119744	0.004674170425391854	-0.005496012774760404	-0.017042367223892338
51ddb685cfb1775931489ebbd3eef6ca	-0.033610352364541435	-0.014359727999149282	-0.004051869670988528	0.008110284115911626	0.0025670801763100627
16564bc936c839c893f951bab613a30b	-0.03639167749497996	-0.00029342969173777497	-0.05506390866845041	0.02910585316651972	-0.01338160595078152
4a5387c4bc61f2d8f3d9d2de983ba556	0.02800950163836013	0.008557775781940936	0.004489591309934066	-0.001796038480228902	-0.010020447243945548
c5b61a414bdb4305544bb4f941e0bfc9	0.023483087643924507	0.00793598021514685	0.0028182934425962283	-0.0008335551848526552	-0.008900882173765627
465e9cab9abce306c1e0f7459b325c33	-0.048562682615366025	-0.027755020721757593	0.028839242542539407	0.02458280484236949	-0.002694489459443989
7cdabbffaaa6cc6d9f478d91f312a8ee	-0.02592170095995804	-0.0025158409091950696	-0.03909149976040971	0.020390402598514705	-0.013356992333953028
3e2c7eb0316409806267a8d9845b0b13	-0.03597780681068558	0.03952543101177702	-0.041184033835942484	0.021481339085144754	0.012253375087974486
77a517253ff10afeb78a37bc13d649a0	0.008074166591769221	-0.00673014830300103	0.0057203402456866975	0.02700350624392246	0.005869227396545547
62bf37c50994a06e6c8c93355ad1caa0	0.008893390483515387	0.005364414713086869	-0.0038669922760147728	-0.0011697998547797897	-0.00538955927998604
fea5c05e9b8245c5ca46f6673f59e0bf	0.04134814029545278	-0.032142624532704986	-0.032291201286056524	0.019722634842579276	0.08222061199835998
dd222108ed685d6a936d2011ea220998	0.02657622104550798	0.01048328336682499	0.002237402086013467	-0.003983712775656302	-0.011936727951205069
30a88dc67e6a522087c3dfc8019550a6	-0.010549171707220065	-0.0011362735510885204	-0.013304155166115918	0.006469555429329634	-0.0034192900223064216
126d3c82f184c4d9058cab124f287968	-0.0012059139846767016	0.0031229043225982963	-0.011353739861240773	0.008505853801968492	-0.007848106841399957
9616cf56be891f816aa7abc6a13c9e8f	-0.015193396764810674	-0.00041016412933705666	-0.020498330736528875	0.009886449740959315	-0.007802832039789206
ae881162d813e498f40bf33b8e42d54a	0.04390403928577583	-0.020909466946980194	-0.05698723104380674	-0.029998391688784515	0.08448084120928885
32875774cffdc8c820f91d8e86f9a0e6	0.019453733144986208	-0.014507568930734049	0.011765402737332443	0.04196351057631886	0.012745845233611221
14d168c89e381de6fc3091837a557e48	0.02058098560512411	0.01060036249356801	-0.005767294056233107	0.004740862798620838	-0.013150273243504625
868a4fe285b85fa1b8eb40071d5397be	0.006464993784670844	-0.005227765605876982	-0.0033642213730256986	0.00018176452114539008	0.002779245687561728
38aff035451e491e5905508b9a173fb6	-0.07005192449619924	-0.03491955342330968	-0.012009456616037386	0.004546517500511629	0.020452851399488162
201b6484b6abe3d4c587464be6cbd574	0.01768050545661005	-0.0038109484996924708	-0.03892849481951917	-0.03678248203429864	0.03973585824767251
67f9c74eeea5a4609bd1d2fab66ad3cc	0.014730495063852784	-0.0027180648190539155	-0.021283567478174406	-0.013838727101595071	0.02543408357648511
2e202c4e4e803dbc6d54c9e3117afedd	-0.044403387313431825	-0.02065260122320123	-0.00873485918786148	0.000625198379744267	0.015663733832239644
0c4b17f88dae47697d3bceb3663f47ce	0.003668418027877222	-0.0020551562110563896	0.004107194512255049	0.014651268745511663	0.0019258507758231614
fc1f49989e78fa71bc6404ff2a148576	0.02414354236531058	-0.015675954713394998	-0.008593847800447953	0.028073539994202437	0.03703469482255579
c18826df5af5da174f580164c805a38a	-0.016239218931709938	-0.00023435297117460786	-0.022608371459247954	0.011091986644683492	-0.007850251885435198
919764896275058362e55f0849d2b38b	0.001266989206927147	7.184826970273848e-05	-4.634569188246589e-05	0.0020098754481476214	-0.002707510392788553
4b13979d719e78a50cb0eac34d72dec1	0.014345857616992367	-0.0055579256120533585	-0.010163043948388331	0.0027852058567310162	0.018402174038894364
0bd7addf1b999f01ad58fec8412b8931	-0.058988137990255055	-0.03394252267544084	0.02200545794506543	0.0034729781422028062	0.016939549267562002
b8b19c4f0719a5d5b965a0f50f05827c	-0.010604555489611795	0.011154855225984209	-0.007194202042682139	-0.021527867710964273	-0.011051326583686646
1c7d1f74c2c43b872972f974eb196915	-0.07784686452628664	-0.03769221615839262	0.017870401427133996	-0.0038148009235476647	0.021545607963841838
d8f7f446987e67092b6256c10b1ee69e	0.000284217983086163	-0.0020219442078967843	0.0027820047117569123	-0.0038037578162745333	-0.0012867475554246336
9e1c6b703a4312cce306c7757688a351	0.010508370855099237	-0.012006273435267799	0.00624426043727917	0.026892977377127685	0.008856656711014111
a0b0961c7ba318abff3e5a93f09f495e	0.010352066695723201	-0.010269870954260364	0.005950142201556488	0.02711815227996814	0.010016370622677417
96a7dbb0e2c57e289c05b82e2db880be	0.03532096660120185	0.013590035598173001	0.003604731451200437	-0.004414532594059379	-0.014287553985851315
24dfe6a7325e4f2be7dbd522ef613e42	0.004977106348655837	-0.001584692606180712	0.0018096837945183498	0.008497815651164064	0.0002945267506692859
1edc5497d3daf6d914427d32b71daa52	-0.05708502821295117	-0.026432215776509255	0.008735695751313274	-0.003034929252481701	0.011534610321403961
6fea19332b7fb980e2124d0339c596c2	-0.005671157932115401	-0.00441054349987992	0.009270863777857633	-0.0010436372865166817	-0.0015150778238672547
55937e5781c91185e27a91216008e4ca	0.005915004994861103	-0.002984797892849715	-0.014236580551120486	-0.01691086731199702	0.008630962647818072
43a9c44adeac51fd3ab95081da56d02d	0.03011699823632561	-0.01580360337813773	-0.01696082369531184	0.01623718947061027	0.046400715541395327
f3194c2eb241f821239009ca55dbb30c	-0.00819474158639724	-0.0039204716672736695	-0.0014186904566641494	0.0008056602031095905	0.0004391480890818223
ecf9eb9fa3970ff27a221e626395c75d	0.03384432839450913	0.013003901396412653	0.003410730164408325	-0.004218346975469233	-0.013787817838254886
823698689031b0b9c2c5152f92ffc70f	0.015336167939168463	-0.008371980834773496	-0.019687506070985152	-0.010739054014034272	0.023892720368687257
3b65e1db6742cc44493248fff266f564	-0.004811522896097831	0.0006920596567602918	0.011513000818426955	0.012843175743393227	-0.014888262506648431
10710d3d706451c3536228e4b7d146db	-0.02397366304877352	-0.01452122151475881	0.006262544329844318	-0.010659603566887551	0.014044267819788188
b428acd97e6af974db1b053a2bc2b5c8	0.021791891909727596	0.013199021764514922	-0.008939507100086534	-0.0022343552945280135	-0.010366821610694712
7f4909ae8d31a3995fa2c200c690a21f	-0.02314766907481479	-0.01423830928437574	0.0055007712925204105	0.0006340353083722128	0.00404778447978852
e7a3af060bcc6686986ddfdf5536fac8	-0.0012420182545555788	-0.008549438552201949	0.021768269477613112	-0.009558356413660422	0.008119908125195724
aadef7fba5a0754fb631409c11fb331f	-0.009409660945934031	-0.0021725609635407607	-0.00533000049876644	0.00502484553639235	-0.002399024509323144
b00d44992702bd3743d7f353638d42f9	0.0025631559573659544	-0.0018656097450192983	-0.0037805226009318526	-0.004176487099818309	-0.00013700404353015559
e22afe3cb91239d19aeb01ba79015173	0.0192848625869178	0.006447894832145476	0.0021231692540615472	-0.0006507633497527204	-0.007737839989069932
dab4d3e6078cfc510502a47c98e82081	0.01623170177814513	0.006685070730407	-0.011561362021854947	0.00016932639356223572	-0.008391681560134798
7dd981802694dec3ecdb61ee53805956	-0.019959746270761313	-0.018811458118037985	0.010182841811998087	-0.014837584974188472	0.017870056472134032
bfdc8d2e7693336b4f3781920d3fa253	0.014545765462191334	0.006298137442689684	0.00784152432471424	-0.0011311302394946012	-0.004534751278896601
0dcaf9358eddf685864afb883cdf2363	-0.021956358956114273	0.12331944371897911	-0.0166133889446429	0.04455870369311321	0.05425950644744442
9b0549bb6e63f681bf133d2c7996055d	0.05262999929956565	0.15708547574797138	0.07615385698206155	0.013056188318629482	0.08893990648049524
ed75725613954c459019eec50b431f9f	-0.014169122147666836	-0.010346729774227861	0.009688669180342249	-0.007871183130407449	0.008525587487723316
9f1913b781d2cde1c8a4c57b7dc2ab83	-0.0023119389633843197	0.02620182460469045	0.0004008754491629694	0.008783041446897788	0.008861312829402128
4fccea69a702bcb90cc0147c0fff2995	-0.04182312323977435	0.08104123084264779	-0.005028449678367313	0.015829243742505068	0.05437912075570485
7f99061140cbf6c9081a204380efd8e1	-0.025110701828285658	0.05681440964651226	-0.019948925317712397	0.010394522140177706	0.025984518266267267
50e96bbd1a8267119529843a1acb43a5	-0.03532210077486706	-0.025137552120528386	0.016543279220100463	-0.011856252933276874	0.018393483366336904
2de266b1ffa8e9ec6383c98096caf8f0	0.030136897626438442	0.011532280274884227	0.0029236465061104073	-0.0037257790632226825	-0.012533118372184755
2ca928ad9749bb9726c35d6528fefec1	-0.03769349641176039	-0.024459612262907098	0.01439360298505025	-0.007625483276622066	0.01610412060417921
5a02c9985adcd7543dff8c846cff62a5	-0.0249104056292978	-0.01311747420651664	0.003920185600811699	0.0018169219875793369	0.005760126947433341
9acad60e1ad588fb9250aab68dee645d	-0.018946662510291784	-0.0018726638974820042	-0.02919764903226101	0.01514514163631831	-0.010588699637392812
cfe4948493ea1b183b006512be10924a	-0.026902790395454408	0.03542640126586515	0.0008553949421458418	0.029059604414490486	0.013139371343703965
53729ba7429e5bd2fe96229b14452bdc	-0.0030343134473900337	0.11585407747925829	0.01177448766466703	0.018419984265903896	0.05738938944927721
9da7a39de7e82006cc9533681adf765a	0.0007611482856687442	0.002496516402064033	-0.011091031882867874	0.00445858044368401	-0.0061661507914546835
7ee56e891d069e18c3c8eb866924a26c	0.00910357598277225	0.004495929630150962	0.0119329008726883	-0.003313008591134058	-0.006434031633144497
955d8fcbb35e8bc04c8df0c6aae34d34	0.01894011468979508	0.008134215429418652	-0.0005091000801702137	-0.00034875475562225254	-0.009514458345632998
c04b03fdea7f81c8c52fc540c50a24a4	0.042744558643798274	-0.03254064535010813	-0.014464131115837086	0.02631271831423938	0.053356437916104484
f99678fdc17d27a97c79faac3f2980a4	0.016803560984276968	0.005568382991886887	0.0017123259239340105	-0.0005427268183080434	-0.007050440338589559
54a5af5112600a1faf06be268f95616e	0.01526367110230595	0.004453052933201462	0.0019832064585731013	-0.0009183598664314933	-0.006547906092520491
8b111e12f8f73205bac732c7479a97e8	0.017729610771432293	0.01246884792463688	-0.013162873949542705	0.009233841334750583	-0.016893986634258767
3add7df323955b22d1cea664ef38165d	0.013882846148336457	-0.002300434715257096	-0.04499368839356545	-0.05091511982673376	0.04028205383551689
a1b971c01ce0b220275c218adbe717c1	0.05659421991411333	-0.026910390675986117	-0.056882892100018755	-0.013362166834532913	0.10584366536133633
01b99cb344ed2530f7d80897ffe257a9	0.008712186261926257	0.005172299701239007	-0.0031459843916306486	-0.001097210373586232	-0.00525437373420779
4ab53e40e06f3a9b0b9b2669d8a52f65	-0.019781467530354948	-0.0001779106895550893	-0.03100487504891962	0.016240869883096105	-0.008624245398744883
66a605fcdaa020dbdd6136f241ea79d9	0.005980867198950941	-0.0007705785963856045	-0.014973204458621207	-0.015742938449602537	0.01043375829652281
0be23adca941c1335eb04db17dc66e98	-0.028520661571552752	-0.02975737353434467	0.034565884687237855	-0.015108387072086607	0.023382533480764207
e73fc2655e1cca4a2b1c419da3630c72	-0.03327854186230144	-0.020375531767544107	0.009065737016957906	-0.010676006296393929	0.015907588092337138
7a20f7055ca2c7462cfa6a7aef16ec28	0.013437895887437469	0.0037997219722799825	0.001674598308288555	-0.0008423364093836724	-0.0060440733214247545
39b5567d2d979a9172c02435a5ede59d	-0.019186535831426703	-0.00017377311896607167	-0.03014314712517134	0.015780081826967312	-0.008453849925017272
c57b70d65a63c4bf9f12c179c2416839	0.008975536732038467	0.0006034030067680625	-0.018907835161588546	-0.018251255317765305	0.015097999148056198
5df503c1ddf8f3f4ac9e49e983e3d7fd	0.023834945617984087	-0.025557142890867426	0.01492034718371319	0.059364122602215415	0.022808199369890137
28560cffcd31045fa07dd88557b43e05	-0.049126960402874974	-0.023200207749096036	0.014496430993935279	-0.0003622965089733988	0.010895610715570443
da247df6fe91b74bf38d3ecc1c05b4b0	-0.026609176560124324	-0.009862574003908768	-0.012487506903802294	0.005124942808758675	0.004687997085837463
6be3ad080a12e28c46c9ca4f94710ac7	-0.009155122118328834	0.04145850664430262	-0.007000368282934033	0.008953533190394264	0.020022583131049904
95f07780b7e9b8b504c2563e63950663	-0.002327086396086446	0.02982472383239502	-0.0005355838288957028	0.003000062184869762	0.013663669024552428
7f2aa6f3481a4039dcc8d1b8be32beb7	0.009457635735925712	0.021122024193637255	0.04163984809479113	-0.014618353779126368	0.022905831495742806
41cb0c62655aa8da8968a06cde0f14a1	0.00223564396006858	-0.00018038429793360662	0.0013327596330916136	-0.0011042873523557544	-0.0025300195696019274
ebd1dcd162acede67bb633c42c7b2ac2	0.012086827591453872	-0.0026672581394576564	-0.02081901897168482	-0.018237635754643145	0.018778276070984746
88b4862756df007aa0c6bc2ba049708b	-0.0723189593609168	0.008083789125815722	0.0036192322532249714	0.017921161481039158	0.03540159465138612
498ae808db957a63e20e836e1bf77f54	0.0034501370045100766	-0.0002136309456293343	0.0030618581705288295	-0.00201200846495084	-0.0022324783866750656
3b74a95b189e134bb34c191b7693455d	0.01003750319370674	0.0007745221815017168	0.007509632218922268	-0.003570244145897998	0.0010390309531159855
6be678de197b54f9a04f6c984b91ef22	-0.016688947596745198	-0.00015640314583821097	-0.026525519206323806	0.013845643252350626	-0.007738511120257448
80b20e907aa4fcf2309796bc303d151d	-0.004057456785388383	0.002907368382777464	-0.0013616547807949084	-0.00468295348507475	-0.007446136366256549
58d6cee566e26e231916ccc2093ae053	-0.09174594821906773	-0.04366856548685658	-0.0005493598799659712	-0.0013203995433593587	0.023173665444220812
acba6a53153faccd2c02a9c0e8a2d941	0.008543576387429848	-0.005362689318374066	0.022515718173048	-0.009006181192313735	0.004868957152358147
f094a383692eb30761eb3d5c93240236	0.005616403175468106	0.0019745845586225147	-0.00013099534593151424	-0.00015413574224257346	-0.004099514777857824
ba0941f03086680ee946a10dfe90cf12	0.00282952458910163	5.526957161960401e-05	0.0011152568692002868	-0.0008226571921393168	-0.0020271516701355456
c9f68eb27669d95f1e365fc085b51ee6	-0.01603267858997975	-0.00015183899276691377	-0.025574947351371207	0.013337348064062978	-0.0075505479162426
7fee9350277038eef98dee70b4190563	0.07928591092216593	-0.06823571518690001	-0.028392426901695012	0.07675468362171271	0.11270971095915305
1a4ff0ff25ff4e919711422c2f605519	-0.0720459861691184	-0.042876637189544105	0.02770074556933905	-0.013981052422488463	0.02671293721375991
5042942b77f5b924b8f8c11de37a3626	-0.02896973408237909	-0.014895349352549056	0.006747995280368936	-0.0022694772733940906	0.00858895617998347
5decdad9c550489629ce441d32a69a1c	0.00269906795659075	0.001916631352780066	-0.0037237440694912888	0.002094456760003598	-0.005144955391934144
101968ec709b68fcd964a68ff226dcd1	0.009299721691612655	-0.0005100006652210856	0.011964931646006307	-0.006776394427447441	-0.0009926490700192542
bb173654871d294466912ef22f685faa	0.00497216858820615	-0.00017875871816685788	0.004905829488857881	-0.0029291586323305055	-0.0017510131083203991
f9bc8716f02b0a22f03b1a686895aae1	0.01907049157903517	0.007139600303885491	0.0014697378888000906	-0.0022555003543693916	-0.008787933464465542
34e40677eda6fb724e9323b0835d5ab0	0.022525825693366523	-0.02612726753854159	0.01623420507597405	0.06525663041814356	0.02295790517860432
ce0a68ef210192a51f60ec3eb8e3e92e	-0.041177921263901615	-0.023205125758129386	0.02360371023953917	-0.009406022882645835	0.018402274536617195
48eda83fda558aea8fdd32b9c8dfff98	-0.0532404501982925	-0.07243760977469418	0.05257025206163062	-0.10279633999239653	0.09031883711060998
0f55566622d8244073432b2e67b24baa	0.04121411366768696	-0.018944708873400967	-0.02384079702855496	0.0037988942318806247	0.05499518285837746
956d0a6f5a8e1d2fbb39df909cc14894	-0.0020704870636964914	0.0029267438797486076	-0.0025685299766580153	-0.005588820517847845	-0.0048891584970813555
5fb5ace22c46fefb30969da7bb0dcb74	-0.0782536700759091	-0.03241799563408319	-0.012283677275360482	0.008569499337511968	0.01905233190308107
0f2a155a57fe6d0bf34767080706b3e1	0.0011781462581517913	-0.0010347097941758498	-0.0004901972531508152	-0.0017839177348299374	-0.0007773897681383049
aa9f89f9af07d53e077462471423f3ab	-0.06712721249644911	-0.03380135070924586	-0.001405665904203831	-0.005509284828521536	0.0210479125052213
921966b15e5f1508e8650d053443c385	-0.03480706914447915	-0.016337759085676782	-0.007387411260261563	0.0018938644464481923	0.008236217175841725
1a5ff65c7f309159df626f810d96ae8b	-0.0019577629553970016	-0.0159978542639685	0.03544998479592884	-0.021822453189395234	0.017402437630647697
f32674aec6d3fa6a7aa2323cb35699fc	-0.024742049926751133	-0.011490073779646615	-0.001820960824892169	0.0011342336489371227	0.007234929064512089
ecbf086d6ccbe5e8c2a69d0afb144662	0.017506320872189927	0.006518721103741356	0.0012642365489897486	-0.0020476851994369384	-0.008258573842264817
1c40ac02c49ea9e03881b0f183373417	-0.0032446083310069176	0.007506557775997418	-0.001930933825250813	0.0016201938080043022	0.00044365906568600785
3f448350064694e647b284259bdebb91	0.016697364626321008	0.006197615418352509	0.001157955571059083	-0.001940207564909508	-0.00798480016090379
c9a1082e87563e01347729352358bbcf	0.016697364626321008	0.006197615418352509	0.001157955571059083	-0.001940207564909508	-0.00798480016090379
816b94bcd935ca38afe71fd1e3c5356c	0.009507939309929698	-0.0011442774271920716	-0.024565925648261367	-0.026418361646060658	0.01945153754571784
bfbf3b84b315e741c4345ebb43e2b9cc	-0.031168588044755616	-0.014055916240101267	0.0007503063834590664	0.0026759358965094677	0.009799849010951728
37c7d17f9e371c1e11a0e22b1ce15ab0	-0.0423863488504428	-0.03605470798818686	0.03385115932004584	-0.019489209965667446	0.028081801042293086
fe98555e63f547c33b3987391cd34d5d	0.06856070353794448	0.15645821458593787	0.1440114683725852	-0.05165820967167516	0.1250932169405428
d329ff7ff76454d2282c9f01c2798588	0.015021426603965432	0.005532371494362929	0.0009377701990111676	-0.0017175430448230376	-0.0074176153169072485
ee7ce85e38500b28d9d79b63c7fbf9a6	0.01678632156587168	-0.020751688327956513	-0.029188846220693312	-0.014163355339276644	0.04426066625482259
8659c05e82a2d1399cbc3fd26ab938e4	0.042731961386752754	-0.02808518501838127	0.06435805075537886	-0.010850559610268932	0.04370608979110851
3677e15d86603bf0a6bb50f8b010afe7	0.01699526221202889	-0.011868188100433745	-0.008039478737325694	-0.0010786780211682772	0.015526352013653082
30ebe1a33c21c25c55e4fdbb5894b832	-0.04578892769598339	-0.01993859881170492	0.007504158131823379	0.004042902274054088	0.009306799875178268
30273eb317696f87e7b6fd37ada4bb8f	-0.04539860378112678	-0.027148189286350124	0.011791225345755777	-0.012822751288252306	0.023940726412683053
54b4964000ad1631e547c46a828ed1a0	0.03617848809106457	-0.01868689821031286	-0.033584335715209246	-0.010324262786893957	0.0533655417685206
55ec4b057c122957d25013675512c73d	0.0020233402847483284	0.0006372482255885145	-0.0009661873623701225	0.00033420674695005425	-0.0029845930022771084
072698f9668d5a094cdc1a672acc4747	-0.03044918838583732	-0.026415138915431638	0.05709051749182515	-0.023940903954425965	0.02673956448878074
8c43291754ba53fa1e206f0ac7a18772	-0.010158721965178452	-0.0010623169180773915	-0.016732259401992064	0.008536569968646518	-0.007100892107097886
a5185df881810390f29afa3ba3ccf522	0.013883892709975601	-0.0002473428509839264	0.016853586403138186	-0.009084773945825448	0.0006810810218897904
1893b0ad352ee7db0f565bc4594e6dc6	0.0002755239002320565	0.0006648403576165749	-0.0012969351357405424	-0.0012071847489015534	-0.0031951817006396124
d3f59bdb915bb43f2ecd96ad9296ae92	-0.005195612763396561	0.09573284825273268	0.006302778112689348	0.01979630812161651	0.046403368765432204
2b148d88c49e316f85b6e7863089a886	0.02040268837992561	-0.013927011941370793	-0.06353572248487356	-0.085726221386482	0.051681937217451984
cbb7ea319a7633cf0917c6e5cde0e923	0.015285552559132196	-0.011206328455596964	0.006969708315000117	0.03317684719338459	0.013483433210875095
a70441600c181b747a763ce5a7414a3f	-0.017411177528781206	-0.030566450049804284	0.06865697480844957	-0.04189822410195453	0.04216840767370499
68c05655a58355526692d3a1f0968aff	-0.005350386764298157	-0.0014966655002538942	-0.0037966176648121393	0.0028456676643725926	-0.0013557923343457874
f8026fa73c97b3f69cf4369cf194fb8b	0.01140922741476804	0.00409855143013634	0.0004631981016094333	-0.0012376275657357448	-0.006195144911510173
edacf632dcadc21c328669befafe2af6	0.013611689579808522	-0.0005606110820665259	-0.0331917897578416	-0.03489146477772359	0.028141781739923682
e2c355360209f0b71b70b85ed0f9532d	0.020277191275591785	-0.007642091587454377	-0.02433635137386696	-0.015544993071602146	0.031819712679512537
97e0a84031c426df75af82aeff951f26	-0.020459213999688607	-0.010752200141950625	0.00942790209562754	-0.00059745096320565	0.0056181108501070194
1f926dee6544b252d38067cc7753383a	0.019586327181579728	-0.0004505297124239521	0.025170941766450017	-0.013482414677902819	0.0020113381688607874
3b795f0122b28b0e6a07bec73894acee	0.00159153282280412	-0.0006039879909680712	-0.0005836263821694461	0.0012507201185753781	-0.002244935255493302
e2f0caba18b002ca9762ed56167c6188	0.018374090332988504	-0.015952227347995247	0.009170201306016992	0.03844759110323376	0.015391678005205016
02ef9a59d6da8b642271166d3ffd1b52	0.01500987020499918	-0.0013358538829426835	-0.034201848605041024	-0.0341537516197211	0.031037211838548233
3bb6760ebcd348e0c695a5fb5fccf994	-0.010539670368512574	-0.005213081685296	-0.0029336536269582098	0.0006686639498755602	0.0008236508165913095
42872dc875fef6070dfa78984184c096	-0.011580734179210898	0.08852383790594612	-0.0060912546668044215	0.029388193956718607	0.04003453520434557
7103ca740aeadee8bdf7cedaefac990b	-0.005979736441169468	-8.192381117053104e-05	-0.011013778428851513	0.005551117006833323	-0.004671266407308582
de391a8294254c47e8f460325eea85f8	7.735755617033384e-05	-0.00028132698532885	-0.001123660899928071	0.00024622800276879276	-0.0024257940735973845
1efd43e712291698f34853dac3b67f54	0.008433818077734816	0.0029174976223940038	7.228769613472312e-05	-0.000842315756316845	-0.005188182208749196
c7ec57695a6d83b461eba523752755ec	0.030657121789875477	-0.02042772270738435	-0.05115851938588303	-0.056129895591742314	0.05384293825037969
b1141c1ab18997c3339e8229e0b9f41a	-0.04234025254136758	-0.017962733877723062	-0.008544581596010365	0.0030482439536385244	0.010101049536480831
dc7d3610c77e7c118082f25002f26cd4	-0.020323270194327475	-0.00836156940784046	-0.003996296778252834	0.002739931122652665	0.0042120475917448085
4516f28133b919f8d8039ece23d8dd2e	0.02342963962973148	-0.00045902746187228796	0.030234633409462402	-0.016076403972540673	0.0030901198327841846
2cec2792e54f61e12e1a0b2507826118	-0.004370161653037899	-0.0003353339384804943	0.009076250889165659	-3.848195207176421e-08	-0.0012216610582813983
66fb1fc4317badb5dfaec2bf8e5055d7	-0.01033125499740868	-0.003673066114433164	0.00782912335692985	-0.00014282944382540988	0.0007653984739697853
bcb349a220a0c33a6b780dbc29a25f71	-0.0029637374100709734	-0.0010205258536929481	-0.0019069658897924058	0.0006382883669003	-0.0016208156904979859
ce1d8d111ba2aaec28d68a04e483bf3f	0.024472998138224202	-0.00043512241573341967	0.031498682845101	-0.016705113942131023	0.0034201661341199834
74c2326ccd0bc2bd9e0f23f15b79ea16	0.04752988013249999	-0.02026897527735399	-0.030949777353849343	0.009270849550215671	0.07231779864609941
ac809fd715cced98911f73f1dfb1ffb9	-0.018040006531756685	-0.010913740146301407	0.0021243028312604817	0.0032560545531135705	0.0033940967455613736
22ed70e219c67c2bf4e20e0b144b12bb	0.014783179381485252	0.00698968232397663	0.0015641250481470124	0.0004641444207554068	-0.007072847127128561
cf8a25fe1a1b134a027842e7769a285b	0.007031274310717532	0.002104538924463026	9.427240087453277e-05	-0.00011723885853292328	-0.0043432053790629305
04c7e0ea3038f942f5a28778a74cd1c0	0.025339042103549182	0.06539528325260206	0.053531575379992244	-0.027924907901455187	0.04512153402346194
a875cba4e2e4da128cec805cd014731f	-0.057667235236156425	0.13670394836525968	-0.01773452705344174	0.027825552630955992	0.09283174618941031
b8329e527429f07e08f04ecf93563779	-0.0021170728920711793	-5.506015081286113e-05	-0.0054189092257161935	0.002559396727892163	-0.003564953890284059
d9efe89c658c7996e7738e1bb777c9f0	-0.0021170728920711793	-5.506015081286113e-05	-0.0054189092257161935	0.002559396727892163	-0.003564953890284059
e0f1938338e6f9b8cf8408e672ee6cd1	-0.028015964047209733	-0.017413770292956147	0.004766005990748165	-0.00040588230791773557	0.009458877145034034
c1dedbc2ee20ed310022b9a1976d56c4	0.014079028000895779	0.006630897317151625	0.0014380159306328626	0.0004478596576200181	-0.006848036336180491
d5ef913e6aee3067001dc610ac8af1d1	0.006519775262418915	0.001923235100381003	9.580571337803702e-06	-9.496805398557582e-05	-0.004201503835547503
a621ed0faf5f6d7f3ad8f5e66cd41faf	0.0416296114267709	-0.0011822532157746992	0.05709577910483027	-0.03032720339726749	0.007229770235956554
1c0a00b159b2154357cc9bc7499c58b2	-0.023211682337880846	-0.014473570135092685	0.007203152948446561	-0.006171602430049131	0.01160462542276561
6de4955c509e8f32f905760cad0beeae	-0.02137663441557878	0.11093896942030931	-0.017015896716911064	0.029376877399917862	0.05799491086725229
8f0a7d866b4e5ebf1e34d0a44eb950a4	0.03370632285252665	-0.03795337381459825	0.02492716014713906	0.09977976423790749	0.0377967935581568
d8db52dac1023a8fa0e56e92670d7ac1	0.03346691084293621	-0.03725310072059187	0.025075561120575254	0.10071848102345332	0.03738257982716665
51757b1a0a985640893725af5d87d350	0.004024750961697075	-0.0018973147338227506	0.00034732385912769983	0.005435507316550132	0.0005077057157690498
c5dfb8aa2b481cb89e2602fc20941587	-0.031338703867431726	-0.011774899268007307	-0.004933096967197187	0.005499720287024083	0.008357826127359858
726f76e9275bfa07ccb329dda324c58f	-0.004338254129082978	-0.000525604305436377	-0.00847612714496133	0.004159551412734166	-0.004790831923559016
41c686088d124f17c99dcf9bf3acf9d5	-0.004206558909797365	-0.01048722140901489	0.02031089579367433	-0.0054998202307106085	0.006400973562468362
01ce91fd8dbecf637eb5e67cdab5c5aa	-0.014642216791045165	-0.037556107805713584	0.08459154983658553	-0.031120383513183993	0.03443002322156457
c2562f279f2b32428e71ef8e8e1cd3d8	0.005443533152314519	0.0015417548007615278	-0.00016861900426726767	-4.8108186387606996e-05	-0.0039033504592990674
d51cd90e95b57acb614698dc580759fb	0.004322538273320204	-0.0037289469089393716	-0.0068634277266738375	-0.008991033995105277	0.002453207713206361
8c255f9dc0be58d1389877ec645f1a17	0.011816443266584336	0.0054780465215421535	0.0010328011259609785	0.00039553332909509183	-0.0061256725409383735
d12759fe8dda1d65fe9077cc1ca9cf28	0.0003221407632337229	-0.00030233746390077263	-0.000993427541303282	0.00023539876070991327	-0.0024429611022377105
44f993a57b632b8fde0c34ed075e1d66	-0.07067731995478949	-0.04038531152201706	0.010861394598498095	0.0004082865380979139	0.022246626288659924
6401660183a33dded59f163fc63aab4d	-0.02755021334853181	-0.014846764098356453	-0.006208653341871812	-0.0006126926002586992	0.00643187128253423
1e9fc37a1112b198ed3d0543db7863c8	-0.037412443185437516	0.015888684497880917	-0.0012925482423747053	0.006226503433925241	0.014900647852124319
685ea779ee012329ec2a171f1823f8a8	0.0336272222752592	-0.00043947344521047955	0.04349262624728015	-0.022837866598680364	0.006012212134870734
b1413b635612c7db2c140bc671789ec7	-0.0010058676684551776	-0.0008294748212514092	-0.0011679017919699038	0.00041183748109718875	-0.001993525475677434
b0ca0d2568c23c26c6704017eae471e1	0.04341110777540001	-0.02173626852131512	0.09840462125120608	-0.08400764287746465	0.05891379758627992
1a8d25f7529d783a219ef689701dd4e2	0.038554461371581895	-0.04591165327981995	0.029986568304365496	0.1172427069871908	0.04052958962296349
491ef1635067f62c395bdffd58966092	0.020625709402137333	-0.0022586042470457523	-0.0450353941482634	-0.0447696962535026	0.044736824987267505
aa24dbd408e5d69c6b0d62846145a244	-0.012575826681822574	-0.01937293502829658	0.054929666614484694	-0.018339570694862375	0.014230214791818714
459244e45f29ce28991de0114a16f9fa	0.03415898246491646	-0.00021320070776323732	0.043233444120443706	-0.022541722223865922	0.006484140094939602
bb2704c9052362b112da42bf843e7d9b	-0.0023859679629752257	-0.001377289432041892	-0.0013492198913022556	0.0005951971075579509	-0.0015264604889026014
7595e123b71bdae8a8c1c28b7405a5c0	-0.07832257855829652	-0.03425965515223671	0.0010317168147430367	0.0057727176998689025	0.024016946313676717
cbc2f795edfaebaf35d10b85062b426d	0.0030388868554475684	0.0006894138811902971	-0.0005667700760000315	5.6590752664500135e-05	-0.0032371867723711974
b1e686a5c5f127a8b92de2863503a9e5	-0.03891498912890832	-0.015617080950623925	-0.006698506593373842	0.0049907357969382424	0.010203253255604068
a03aa6a23dc8f296567452ec2242a5fd	0.04195524834565198	-0.0007988077255962705	0.055903703700273616	-0.0294405963108158	0.007866166588734071
d32d15407d86a2044eead0d72cd3f9e7	0.044281331794574254	-0.0009217253239363266	0.05946538417614667	-0.03134974230413905	0.008351996516428211
d30b3fb9c1dc7d9f0d4bd6ce8e975238	0.009095989502583113	0.00213114438412107	0.0009901963650246729	-0.0007472052298998897	-0.004855191344361807
1e00822422afb942c9955cd450385a8b	0.0014062627529066892	0.00027043162424473393	-0.001202299839477035	0.0003662348665532229	-0.003017870596427089
12ed71ced0f4e45c0aa5b37144e6f84b	-0.10488640344251009	0.09355518520048368	-0.03395151924995794	0.040761563031245986	0.08892000237048835
684b032107a3a32f6664dea4ef723a42	-0.1325432076021781	-0.06261666514941909	-0.0013250676897631727	0.0016656647518517348	0.04348359902525974
3d6f762d8cda1915ad93d014e391c118	-0.09935530456271895	-0.056778704289789955	0.006337173702975324	-0.006147372083497854	0.03321743100491344
87a04eba5a3dc45f9e899d8ab4c050b4	-0.022871950810175328	-0.011771213102456945	-0.0052860511132451545	-0.00023683213402439255	0.004756974635004143
4738a05820f1a7840410c66476953498	-0.06106368428117303	-0.025912662137266958	-0.0015261894956726477	0.004760227420670526	0.019279601613450464
0effb4592c11dcdd619141df770563e1	-0.033549439148680214	-0.013128536034989225	-0.006342969504177043	0.003579899943378738	0.007720518257935896
e2cbf79a06f1221cf49d1bef8e5db9cd	0.04005832362781253	-0.0005420514479988235	0.052338673530838764	-0.027432918650928912	0.007692012730816673
3d6555a4886c6e4a89104136dd5ca39e	0.03823220121326885	-0.00011987661894766487	0.04816822906557781	-0.024996174087311203	0.007772624131330361
74106ca246bcf2da5c4f95b82aa6867a	-0.005320003930261351	-0.0025419205663487596	-0.0017346946477916644	0.000985012066021616	-0.0005334997050387409
955280212814a2050dd2f640e10fc25d	-0.0006542917325344007	0.007505817658327314	-0.000965682836157118	0.0016151934299617565	0.0018071876624743272
e80d9134b601511a2702b54268b57249	-0.021324079402989846	-0.016162749399134136	-0.004847426006397768	-0.017119347707878173	0.029177124663799354
3111520c8424a2a5bdd46558ae7650e8	0.007317011681650743	-0.0008220020204055433	-0.014403176779871503	-0.013658199032580936	0.010607541926942955
867e71db0537674539934bf97db51bc0	0.04248990796395471	0.05050862138637084	0.1350161735237287	-0.05078937354590808	0.07144649960259884
c961cc0ecd0ac693e2fb7dcf7794c3e5	0.0010890473200316241	-2.5146056654316464e-05	-0.000777687805637797	7.819578630391317e-05	-0.0026368138386359853
e6df6369108817c93a749fa640528e92	-0.06068128569628151	-0.025841230609399135	-0.00789608373321278	0.006409180995157765	0.01782649991247159
f351326f9505ffc18da207391818c48e	-0.00027002731529173797	-0.0009822577179717238	2.596482582937034e-05	-0.000544404337760821	-0.0015928935958149837
d1c7ee5172f16dda522e46aaa4e5fa79	-0.00027002731529173797	-0.0009822577179717238	2.596482582937034e-05	-0.000544404337760821	-0.0015928935958149837
9548347b69043c274ff7a1ce599a69ef	-0.006884174637106584	-0.0031627997664928995	-0.0019401959876020095	0.0011928272209540704	-4.140082838011907e-06
02878fe3ccc81d4c884ca5574178d6a0	0.004921466945837728	-0.0021097645495654497	-0.012567677629001255	-0.013925753283186846	0.007641631064030165
9f4cdae8a020a8d9c4f54e5abf5a5769	-0.05878815026490664	-0.038441119920597275	0.027111647482167822	-0.0038746595534653286	0.022090755275748546
d9095748835ade1b8914c5f57b6acbcf	-0.014060097104338915	-0.004694375767461694	-0.004011587143125494	0.0013260825734031931	0.001412174374812302
a826883ed572461c97a23561f7ecea3c	-0.013584851619054567	-0.0046810000444512554	-0.003810372471316709	0.001187133501021455	0.0012963939779094358
1ca133f4d30ab344f11e6624e841d9cd	0.05069147326771699	-0.0009746311724898883	0.06807440366450414	-0.035787726157256866	0.01009631510953118
6ffdeb862aed8aedda8a8624fa960c57	0.048071540153855084	-0.000834885464993285	0.06405729644647738	-0.033633656953713356	0.009550955685390975
8bcc747f27b10bb3e1182fe530c7ed24	0.05069147326771699	-0.0009746311724898883	0.06807440366450414	-0.035787726157256866	0.01009631510953118
faf2bd479f04891ef2afba2f407749ac	0.04879386184141979	-0.007915390089224414	0.08455209806675562	-0.041043435190661885	0.017936951640549134
2ab2f3551b7aa27fd483fdcbaa1a0afb	-0.033227666036650345	-0.0106491368539274	-0.008252581228534318	0.004106855284480147	0.006645078368279345
6f384c926424d43c215fbe9337d55324	-0.001166243912237451	-0.0016519991908887507	0.0006826478184528577	-0.0010312711302204397	-0.0008310397481768923
831514b8b3617bed49e2a4bd9d3d6268	-0.008521123129804268	-0.0038125672543863082	-0.0021552589004782954	0.0014103116062182135	0.0005498496011934748
53dd9f9a89854c8ebdcfb105b7a26df1	-0.008521123129804268	-0.0038125672543863082	-0.0021552589004782954	0.0014103116062182135	0.0005498496011934748
f4eefbd4edf2a372131825289fffcca6	0.01852884200422252	-0.013079597592123467	-0.047501973238496656	-0.06291878807693506	0.037779187699067074
752621a2dcf600f86357e9c2fa1fc985	-0.04231653001971662	-0.019155377197087927	0.002798525593591804	0.002706856917560288	0.012518559571144334
6a9b2745a31a3e5ae16682a323c28a4d	0.005371789258055323	0.0021943133695895246	-0.00012139618459352696	0.000246489150653566	-0.0040681209902601765
c81e310dae79b8767597762a093082c8	0.0029615206388415873	0.0001475170479859549	0.0018783508158601784	-0.0013299127528509018	-0.0018936560409591127
9df911e407318b496425698999a1d81f	0.04487093344984824	-0.00030161137060062036	0.05761992765968996	-0.029958011818362103	0.009399060982366345
5ed23cabf504db9af85bce57e9008ea2	0.002073937609374014	0.0006483777574608923	-0.0013695562095941021	7.115697184585535e-05	-0.0031990323804471066
7cd67e7e02db4db794fd67ab72755f8b	-0.002106195335288001	-0.002354423641283596	0.0013713765426397507	-0.0015418967267202956	-3.200789506857591e-05
a3dc97e11838f1bf157aa875f2f6367d	-0.002106195335288001	-0.002354423641283596	0.0013713765426397507	-0.0015418967267202956	-3.200789506857591e-05
aee707afe3847427a6d3d34e31437923	0.020461141787152918	-0.012350693974413187	-0.056989740122067555	-0.072929019450382	0.04631245853491695
31ed03e41d53de58a6348a242165c05b	-0.016391420720526257	-0.008748963897185477	-0.004573367718059418	-5.703595035531156e-06	0.0026260129438130807
458462fa1e15c439f12deec2f19af933	0.003969233827209698	0.0002404395403615289	0.0033077571100975857	-0.0020877177006201324	-0.0014937091331796548
b901052d2411ea898be450af4a818744	-0.003094370019125932	-0.0030928852704348625	0.002095439800147989	-0.002078719455008951	0.000808017482263377
8c5f2b5fce1b357f54ed4c8c047b6845	-0.012042864565031605	-0.005210481175066046	-0.002617946623907463	0.0018782089007979815	0.001741706543330324
33176e81f3e7ef2b9de1b783ff1ca33c	0.03551506503025277	-0.013313501862260161	-0.0347580287608844	-0.017290030607698105	0.05078557608982446
f66effc279917d65747b7c3ef8d62432	0.012193112171428688	-0.00654236668428629	0.00010764958284120488	0.010832275348405442	0.007894078616597848
160029903cd9c779390f4719179aeea2	0.08266103894797235	-0.04311081764704533	-0.05094762418008371	0.03966003845503626	0.13373216906098173
0741ae033054073fece98b9948ec4387	0.007775649675344736	-0.007569408777841312	-0.013056093736508102	-0.018485673263668196	0.007779649660077416
7fa8f515ee1ac5cb8b529b13e6a89790	-0.001448758810282812	-0.0009012583263697667	-0.001309815293791704	0.00025198403801209333	-0.0019939658520204987
ff8c7f94f941a0c647120d4e142db316	0.05286068613021305	-0.0007251583150263975	0.06985944136534294	-0.0365195143044235	0.011065909465120668
51588a76b68ff3041e8b272256df5ae2	0.05127975938622692	-0.0005851679605174945	0.06720053295168037	-0.03505938698060558	0.010815795460934934
a54095a893fd5abc045d162bbe20644a	0.0013036121041128973	0.00015948796122770755	-0.001035999486922226	0.00012437999927346767	-0.002821292266714663
d985172bebaa0bbe61ff5f682d372c6e	-0.00706761942449759	0.020337399046506142	-0.006855744231681406	0.0035256118092430676	0.008017828289992285
fbf110ef5de76f86121c8504a0cb786e	0.08542557883825821	-0.052211512311125405	-0.0413681128201328	0.05612676318281003	0.13239841814473421
f8fe4ee0ae3da9a1432872f5545a0d42	-0.00011468329300340354	-0.0007658661236270523	-0.0005435346336386352	0.0003481478078749397	-0.002268490515716205
9b959f65abdb6cb9adc1d6160a5384ec	-0.030126610850091485	-0.02005340375774639	0.009234817512667613	-0.00989827881889953	0.016138892582629915
cee164362eb3296a3d29e33f7b479d2e	0.0018817451307799192	0.0004160373617006763	-0.0007464413057259887	0.00016577562297837492	-0.00295387254550156
816e266d71b9a9af9d3d74893dee443e	-0.07311248438486152	-0.02551513632567158	-0.015369302578320065	0.007239785773803129	0.017679039682199197
480b52afa972e6deb75357ec39db1998	-0.0023403913890625025	-0.0012173026997592885	-0.0014574480110422716	0.00029080595753687335	-0.0017469552014983064
35b6dde81c92eb7f66ca9f741da3514e	-0.0023403913890625025	-0.0012173026997592885	-0.0014574480110422716	0.00029080595753687335	-0.0017469552014983064
ae4c61e598c093caa5b66b6919f02ba3	-0.0023403913890625025	-0.0012173026997592885	-0.0014574480110422716	0.00029080595753687335	-0.0017469552014983064
0a50155a2def454344e1f2305eff7092	0.006154383771729445	0.00044193494739092445	0.00640731670761281	-0.0037309604989567433	-0.0006264544684268878
e54bcf1c8ec24811e7c355b8d82fa59e	-0.005237152192157778	-0.00469418354319339	0.0036655162913915964	-0.003242778999408192	0.002629549072660275
5b220f66423e4004eb3520bfae1f25d0	-0.0159566774315617	-0.006764023247840248	-0.0031321448404570316	0.0023981966640741637	0.003066251550677606
959a178855242ad3833af85d38ccff45	-0.0159566774315617	-0.006764023247840248	-0.0031321448404570316	0.0023981966640741637	0.003066251550677606
e6dfd15b38618c3c7ff0a025083f56d4	0.0031469630308342024	0.0010249453846525106	-0.0017764303994943257	0.00020004357783120016	-0.0037836211855072667
3253177a44672689e4e154e842d63e35	0.0031422883612059996	0.000539431045795971	-0.000403025087080011	-9.083354471246066e-05	-0.0032499524687881107
b815913c61abb4a540babe5c3fae17e7	-0.05949606550300109	-0.029725021360157866	0.0032658893724528282	-0.002628908781792235	0.023764053915196856
45c36b8b2965484407b8b213419d4c6c	-0.006405096603051169	-0.005566986850678142	0.004521301861059868	-0.003877261055465506	0.0036223927069992993
e9f0399c43aff643ceb1480929cf89b2	0.018933864550701358	9.134277206277925e-05	0.025072289424808377	-0.013745030421339155	0.0024642835237475066
2b427cf77172293239bc1c1cdb32ace4	-0.018089939468308402	-0.007610796570775391	-0.003412413614702377	0.002681621087468576	0.0037882077801897926
a841dd7e2f38b26bb7bb37179b4141d5	0.012763938944123154	-0.007675252896915298	0.005439202439381238	0.02589648875182466	0.0072642060103978254
73291cac0e802b6a1fb25ae7079390ef	0.012763938944123154	-0.007675252896915298	0.005439202439381238	0.02589648875182466	0.0072642060103978254
63145f49e7efc26729094a53d97c0cd1	0.014419884606380504	-0.008302457043695746	0.0046487286821068055	0.02361431314702917	0.011435255563512709
678424c0e69dd311d2b536cfd69a91a4	-0.054542621867350316	-0.026863271077193576	-0.00045206338649826796	0.008388412589327515	0.015143881797724985
f8753b9f13abb306b57aedce2cf6e7d0	-0.035621201912092844	-0.026391205411306667	0.020616566158537342	-0.011593497082558052	0.02199648544349455
99e6b8fa779ca2689cdc55d164e593e8	-0.03253236485374547	-0.020076320702233932	0.014487879001930166	0.001636927735347925	0.010298131238757186
e03d5567ab978eb82490f359c51912b1	-0.05409172953884119	-0.027663772784661506	0.0012828081845419593	0.008493915529495043	0.014974477173995145
421da954b88f7175953a73ea34b933e0	-0.037243318250552646	-0.022407320716308875	0.006787901886920925	0.005870181774942823	0.01020983938541972
20fb19136419ba2826c941aa152fa0eb	-0.12402417986522131	-0.07280558842466797	0.035843237101085806	-0.01614390750633107	0.052323410632256394
4aa8e1c58af1b89f613fe3bf2b81604e	-0.0565623970506155	-0.02373480659271553	-0.009749936135163997	0.005749870524178641	0.015716062762582826
c7312d5390945aa1e45badeeba28a998	0.0021405485606109972	0.0005289076969770649	-0.001367714554465157	0.00017442141882798037	-0.0032627322156214625
9584fe0b6843a9817e1c217bb65caea8	0.050564884005541086	-0.002300733604257135	0.08079387785727976	-0.042495008032111044	0.01582924624510551
251eb140eb9387372897c5f7db6f954c	0.041966112815370916	-0.010506406653289292	0.08621619828044906	-0.04884349969771468	0.0227254054620342
c66348656c079cbbc916b2c2832f311b	-0.020360923977992103	-0.008512237212606598	-0.003710776419597121	0.0029833432688543813	0.004556773191118962
457c3dbae079470f3cf0bf146c191e1f	-0.020360923977992103	-0.008512237212606598	-0.003710776419597121	0.0029833432688543813	0.004556773191118962
4ea8ed64f727e17c2ecf3616119876eb	-0.020360923977992103	-0.008512237212606598	-0.003710776419597121	0.0029833432688543813	0.004556773191118962
2b6445815ec98d21dbe9640083f30d2f	-0.020360923977992103	-0.008512237212606598	-0.003710776419597121	0.0029833432688543813	0.004556773191118962
1ea96d595539133266a3dbd49daac1e4	0.015863225033615442	0.04206738436988942	0.009000513189834239	0.03711730273323025	0.03731206421351859
f95cdb71258ef6cc222c673ea4546caf	0.01625440568425789	-0.014741178430333221	0.007364006331545925	0.028636512083362844	0.008342639473861
1e1e0cca52fab68a8c7ba5256aeadd6d	0.013843089127552107	-0.008376252955018405	0.0060211113056554055	0.02825867668484947	0.008175693800388873
1395953fab837ed426f9b2ba24da41b1	0.0300160045634896	-0.003124502037392825	-0.06739739292551335	-0.06781401785423549	0.06732725799996561
b2d056fa113334bd2797397b162c6ac9	0.00991594905113854	-0.009949794807655335	-0.01689441739660693	-0.02437061821157178	0.01108107236176211
94ca1389331a3a9230237844cfd545f6	-0.0039463921256102045	-0.0032844167281721203	0.0006972845656250409	0.0010453503895061847	-0.0008801438866773707
15992a34ae0f42d6b5a21eeaaef674ba	-0.0022876956849383397	-0.001708410438531737	-0.0014931621335081185	6.934982880589104e-05	-0.0016227166130824368
b46e36edac9cab660cec7ee6f1a335a3	-0.08798246904672609	-0.04931378830235269	0.0179019121236947	-0.02102948200201467	0.043895859732123885
2ce0fa88ec7cfdda2eeb0698cdad47e8	-0.0022876956849383397	-0.001708410438531737	-0.0014931621335081185	6.934982880589104e-05	-0.0016227166130824368
0310f41e594c49368dde5c5993a7a5d0	-0.0022876956849383397	-0.001708410438531737	-0.0014931621335081185	6.934982880589104e-05	-0.0016227166130824368
82e72255267397b777a1afd44ea22755	-0.005369093835675634	-0.0022908439651908546	-0.0019589276368191773	0.0004226764672571886	-0.0009079080655132568
5ec803f68f3c48cd9ce6436ccbd5b1e3	-0.020493859586097563	-0.009362019169646296	0.00404844063951535	0.00038955966811808374	0.0069924468848986945
9d17e47f8102cca1e9a0a5b0776bb85a	0.062185197170787986	-0.0005115185499476256	0.08115627061674968	-0.04213830497421325	0.014015538337321566
e6953e3ef3e20c6b169ef7a759d868df	0.0037016471398589428	-0.0018446241272456003	-0.0007620690686875564	0.0032997329353298623	-0.0012957697573692385
025dd300b0ccbd9d5898969c2a1ab138	-0.00897760326819532	-0.007489417665811638	0.006406249518989771	-0.005274767052239176	0.005809223555249511
9cd30ed12a411f643a9f6c145e3b59d8	-0.02278864837675049	-0.009475893913422606	-0.004029731770475248	0.0033058898552681083	0.005378383815144912
8fbf42d21b6c9c4a4e8e260ad1d6a1ab	-0.02278864837675049	-0.009475893913422606	-0.004029731770475248	0.0033058898552681083	0.005378383815144912
a6e9c3caf38d8be5744751bea41aa62f	-0.02278864837675049	-0.009475893913422606	-0.004029731770475248	0.0033058898552681083	0.005378383815144912
9c6b4f83513e63a49ce33a8aeb1813ad	0.017440312881515693	-0.015884569363983116	0.008006796794602708	0.030851426452498703	0.009198943773276522
7e4d5b19d3213719048fe55dfad0da3a	0.015002247023427786	-0.009129224844229991	0.006646162635284534	0.03079599617582861	0.009154758887886909
ae25381e186978a7230f03484baede7c	-0.06264244729048862	-0.033614282785302665	0.004459816158198135	0.010071100235577926	0.017672987763950137
2328e11c4256f1f05395b7a377381279	-0.0038791416401796905	-0.0025192970797464384	-0.0017781801715597335	3.2544787818566276e-05	-0.0011146238452327023
b3406cb10b6d6882837eaacbaec3553e	-0.06333576931401243	-0.028861208405898394	-0.012187853843138547	0.0031336696430120992	0.016840984991928376
de35e106a779f81d63e2e058bf18799c	-0.011716148146070044	0.07809419884232781	-0.0020726280096898917	0.023116197505612744	0.036087411144004156
2835a5008083ae7290acbca001520ad1	-0.007676196201135524	-0.0028499123526062094	0.0051312449997819734	-2.5446974100292907e-05	-3.656259899340007e-05
81fad06bda8cf753d87288f1d080da88	0.011424724865696588	0.0009279196856812992	0.013883113213456264	-0.007694281217134003	0.0014652683032961105
9930e78f4486e70ced513d619dae53fb	0.011424724865696588	0.0009279196856812992	0.013883113213456264	-0.007694281217134003	0.0014652683032961105
65fbdc4707be0814fa4faf52571cc2b5	0.011424724865696588	0.0009279196856812992	0.013883113213456264	-0.007694281217134003	0.0014652683032961105
5e793ed595a0793ab477b17e78421bc5	-0.0010756584743665707	-0.0013505244950029211	-5.757477424934334e-06	0.00028876762812810345	-0.001654582956459585
538c01338d48c71522ac629b17a01c9d	-0.010405306885739695	-0.008556338683523	0.007452367932042558	-0.006050362464359095	0.007022882728734877
8b300bb35321f8c125cdc4c3a242bbc0	-0.010405306885739695	-0.008556338683523	0.007452367932042558	-0.006050362464359095	0.007022882728734877
5454ea14c70f0323a5e836aba10947b8	-0.010405306885739695	-0.008556338683523	0.007452367932042558	-0.006050362464359095	0.007022882728734877
0f006e3e638afedde4892706134a4fb9	-0.025396363177751693	-0.010510995691485666	-0.004372334328561659	0.0036523499014881984	0.006260908283749366
3f61c9eee7bfb0326d3efb8da077b0da	-0.025396363177751693	-0.010510995691485666	-0.004372334328561659	0.0036523499014881984	0.006260908283749366
8c001c89f020a1b78b26ee21d1d56746	0.004762176590827121	-0.03236483961497714	0.009440365507946795	0.030672049586694883	0.032409422515358347
5a61388e52a8005b6747280b9332d2de	-0.006988587460877917	-0.0052840266243056174	0.0016824362420227706	0.0015988962183347796	0.00022213758175121514
a5e8aaab366d42b670d589ada160581c	-0.04682470042627595	-0.0334517696537263	0.025581226983612676	-0.021504649472340744	0.03271460104377593
9b07cccc73bd232ffb6edb9427194c06	-0.007773740132542584	-0.003143184884762087	-0.0023570787085519414	0.0005273754063092963	-0.0002417443785853876
7456c5136c45202afcf8000e2a8a01c5	-0.001915559749465991	0.02465158981731979	0.002705049867145079	0.007886513251689872	0.0064346886097027215
99f9d85c50cec960adab2a3f0f401371	0.07133361326198685	-0.00012570144132968193	0.09149617291406842	-0.04714349590172059	0.017159444595291264
76e8305b47ef8b35c452b5490589fc95	-0.011947344266907097	-0.009708701170979512	0.008582261894789193	-0.006888069326941649	0.008333734498327035
328cf8ca7cded30705336cf036a2df45	0.02809018630401158	0.00015502222914722463	0.03833474988516927	-0.020836808703784435	0.005086762348742685
9f6a3b261bc6acafa3d4a6d2de87f924	-0.028212909730658695	-0.011628990781973344	-0.004742373281297183	0.004026555258809692	0.00721410732566515
2f09559bc1ffcc3ea06ae2766194920b	-0.028212909730658695	-0.011628990781973344	-0.004742373281297183	0.004026555258809692	0.00721410732566515
6bd57e46e038faafe4bb747e1d494df7	0.03419542753634505	-0.0036350117635355855	-0.07656538153097069	-0.07709236147296998	0.07744033171300804
37d242005eb3c4239ad2c00158ea99a1	0.024438259442879872	-0.01658913465710559	0.07920754890199824	-0.03352192860011837	0.021060027019051224
e9849de9c0f7be74e13c457f05177aad	-0.010560729899428972	-0.006023951652267025	0.006359914899522527	-0.0010734452462489684	0.0024152098627019257
72cbf125e17c4e14d748543564d3d4ec	-0.010560729899428972	-0.006023951652267025	0.006359914899522527	-0.0010734452462489684	0.0024152098627019257
b59d5976acdb148c29f724d6b7990410	-0.041758674847356625	-0.018802910263836237	-0.008566812126116556	0.0003362116519782812	0.009997944351201308
7b9b46a7c3fb8b76b1c68911a9b56da1	-0.06814296285403097	-0.026272424404435196	-0.011754195944765728	0.007080406586714141	0.018187614389042834
4cecaa1cfabe89a905940ae23dd94a64	0.014706686110258273	0.0012305534333040499	0.01853846169412537	-0.010162331152595593	0.0027678316381474785
bf6066f701b31c6bba541503797da013	-0.07475931550247464	-0.045822367278480595	0.02598725148167968	-0.02085212478611237	0.042875241720197674
ca1b627f011b52798bfb8fd2c6b76d20	0.03085957737911641	0.00017428250907933516	0.042346070219076916	-0.02298176472555442	0.00587994870110819
029cc71dc93341de90188b686798aa0d	-0.031274670146403095	-0.012844320636727155	-0.005144628524193768	0.004433339641345078	0.008250293676588787
c9ffd432429a7600931358e3a09860f5	-0.031274670146403095	-0.012844320636727155	-0.005144628524193768	0.004433339641345078	0.008250293676588787

Site	34	5
L1S105	-0.09026328213368495	0.20240186825210094	0.2938347859000478	0.2733036180164675	-0.11861099730285085
L1S140	-0.3510455302480593	0.04116738281591953	-0.0488615347775202	-0.0866153514124543	-0.10741923338246034
L1S208	-0.3303130518607489	0.1799696299882847	-0.09370606784555202	-0.24136640793660324	0.1692112427069192
L1S257	-0.3028158584000368	-0.009800256781383965	-0.1494802697986528	-0.35572613574540507	-0.048671506880970994
L1S281	-0.31983664279905594	-0.0722658475768122	-0.14259052649942908	-0.23527769987832936	-0.21630118514634566
L1S57	-0.20700689033127673	0.006193665167859105	0.2903344622908849	0.20740630619639627	-0.10639775530828535
L1S76	-0.19360847178339213	-5.705860496397766e-05	0.173460388218533	0.15427071203846332	-0.25129481617301386
L1S8	-0.0971933634179395	0.242626035815611	0.20736882310644136	0.3366355294201552	0.05392358376744443
L2S155	0.14346578869373014	0.22347341072619858	-0.14023118261900183	-0.1788274164345885	-0.11788331382563477
L2S175	0.1574782520631228	0.11424717724684076	-0.23536340548957094	0.009700721053949509	0.028807954560460168
L2S204	0.18795641975696983	0.18286377544117943	0.21436559636414348	-0.11104153168358141	0.028380947396887596
L2S222	0.11526305081586573	0.09538877295988524	0.09352802069718211	-0.04334577886348206	0.12717914202726346
L2S240	0.04413413569066499	-0.36356971969137386	-0.10115850854694867	-0.026083703073639247	0.14983789834236744
L2S309	0.11974907727251091	0.1183552753359497	-0.07256465051141567	-0.024616571673427363	0.026689008795602077
L2S357	0.1311352536651233	0.05567321238355132	-0.1493518572489751	0.030108277380798465	0.2184528895204821
L2S382	-0.07548192072352924	-0.05118762762238986	-0.2288953433301249	0.2385850943454876	0.10462400569887362
L3S242	-0.12202354492255031	0.10864245354972292	0.18389505808623485	0.15565041654153094	0.28382872637774836
L3S294	0.0844803353249373	0.11227208568262662	-0.014750374222880391	-0.09574754822398994	0.11127912196934993
L3S313	0.14087868084806524	0.08877688118618858	-0.1541180632482848	0.012289691812314449	0.21092223684327444
L3S341	0.08473633045931109	0.15504614344178544	-0.05479418758735877	0.045305850199573554	0.07576594750817368
L3S360	0.14907593332225474	0.08872513438994444	0.1367289414810535	-0.0855193247671987	0.1320722904055198
L3S378	-0.24917722777574103	0.09710788603034558	0.0344519908610051	-0.14903881086331616	0.22134017211816626
L4S112	0.1650395044236032	0.17376478437702783	-0.2975462222739518	0.15866840969655108	-0.44230354971981567
L4S137	-0.055963174049099014	-0.08988599724213982	-0.4681341974884738	0.43300001042595926	0.032666055495863766
L4S63	0.20838322349385976	0.21985897529180104	0.04655054089228516	-0.20336422630136833	-0.4089775828841276
L5S104	0.24136771574768048	-0.10069252737524943	0.11263067115492642	-0.23513441800816492	0.07145537300180496
L5S155	0.17852154136964582	-0.13255664499541633	0.059394770956822295	-0.030076131375245875	0.18532809331883354
L5S174	0.0077484560450478464	-0.23361086550049678	0.07554545193862403	0.020744647692367585	0.06584415512336642
L5S203	0.13898358016876292	-0.1780879818669336	0.14711032244720382	-0.0025961077488134655	-0.045464417567909136
L5S222	-0.06287901897361045	-0.25705480962218175	0.12794153210932233	-0.09711939304288303	-0.006767164901635323
L5S240	-0.0605402317127718	-0.2052960255061474	-0.05092305708377878	0.07698219661427774	0.06540138346865602
L6S20	0.044798165730207576	-0.29095952605356257	0.017117780750473766	0.007901804517989022	-0.1436883709907762
L6S68	0.06550228313535579	-0.2698220824636173	0.01853106054644955	0.026597861955043368	-0.1872108991044644
L6S93	0.10945048110477677	-0.25170757918015413	0.1696792507702864	0.014345409125166308	-0.1620194352587671

Biplot	0	0

Site constraints	0	0
